-0.00472874 0.000463174 -0.0078383
-0.0285442 -0.00476238 -0.0292086
-0.0468278 -0.0195366 -0.0692822
-0.0202017 -0.0628766 -0.0876064
0.0169834 -0.0786107 -0.111171
0.0218954 -0.0929672 -0.13662
0.0743401 -0.101896 -0.146548
0.0393429 -0.117328 -0.154977
-0.0293607 -0.0802634 -0.165352
-0.0255682 -0.081134 -0.180144
-0.0475222 -0.115917 -0.158584
-0.021339 -0.154664 -0.149208
-0.0653498 -0.13081 -0.0512093
-0.108506 -0.0824134 0.105799
-0.125493 -0.0285057 0.314321
-0.104869 0.103789 0.563541
-0.0845118 0.163686 0.673802
-0.0118763 0.274695 0.87035
0.0157615 0.37392 0.924261
0.0637389 0.232416 0.917566
0.065106 0.237255 0.887492
0.081244 0.260066 0.88387
